4.000000000000000000e+00
4.000000000000000000e+00
4.000000000000000000e+00
4.000000000000000000e+00
4.000000000000000000e+00
4.000000000000000000e+00
3.428571428571428381e+00
3.500000000000000000e+00
3.111111111111111160e+00
3.200000000000000178e+00
3.272727272727272929e+00
3.000000000000000000e+00
3.076923076923077094e+00
2.857142857142857206e+00
2.933333333333333126e+00
3.000000000000000000e+00
3.058823529411764497e+00
3.111111111111111160e+00
3.157894736842105310e+00
3.200000000000000178e+00
3.238095238095238138e+00
3.272727272727272929e+00
3.304347826086956541e+00
3.333333333333333481e+00
3.359999999999999876e+00
3.384615384615384581e+00
3.259259259259259078e+00
3.285714285714285587e+00
3.172413793103448398e+00
3.200000000000000178e+00
3.225806451612903025e+00
3.125000000000000000e+00
3.151515151515151381e+00
3.176470588235293935e+00
3.200000000000000178e+00
3.222222222222222321e+00
3.135135135135135087e+00
3.157894736842105310e+00
3.179487179487179294e+00
3.200000000000000178e+00
3.219512195121951414e+00
3.142857142857142794e+00
3.162790697674418450e+00
3.090909090909090828e+00
3.111111111111111160e+00
3.130434782608695787e+00
3.148936170212766061e+00
3.166666666666666519e+00
3.183673469387755084e+00
3.200000000000000178e+00
3.215686274509804043e+00
3.153846153846153744e+00
3.169811320754717165e+00
3.185185185185185119e+00
3.200000000000000178e+00
3.142857142857142794e+00
3.157894736842105310e+00
3.103448275862068950e+00
3.118644067796610297e+00
3.133333333333333304e+00
3.147540983606557319e+00
3.161290322580645018e+00
3.174603174603174427e+00
3.125000000000000000e+00
3.076923076923077094e+00
3.090909090909090828e+00
3.044776119402984982e+00
3.058823529411764497e+00
3.014492753623188470e+00
3.028571428571428470e+00
3.042253521126760507e+00
3.055555555555555358e+00
3.068493150684931337e+00
3.027027027027027195e+00
3.040000000000000036e+00
3.000000000000000000e+00
3.012987012987013102e+00
3.025641025641025550e+00
3.037974683544304000e+00
3.049999999999999822e+00
3.061728395061728225e+00
3.073170731707317138e+00
3.084337349397590522e+00
3.047619047619047450e+00
3.058823529411764497e+00
3.023255813953488413e+00
2.988505747126436685e+00
3.000000000000000000e+00
3.011235955056179581e+00
3.022222222222222143e+00
3.032967032967032850e+00
3.043478260869565410e+00
3.053763440860215006e+00
3.063829787234042534e+00
3.073684210526315574e+00
3.083333333333333481e+00
3.051546391752577136e+00
3.061224489795918213e+00
3.070707070707070496e+00
3.080000000000000071e+00
3.089108910891089188e+00
3.098039215686274606e+00
3.106796116504854322e+00
3.115384615384615419e+00
3.085714285714285854e+00
3.094339622641509635e+00
3.102803738317756910e+00
3.111111111111111160e+00
3.082568807339449712e+00
3.090909090909090828e+00
3.099099099099098975e+00
3.107142857142857206e+00
3.115044247787610576e+00
3.087719298245613864e+00
3.095652173913043370e+00
3.103448275862068950e+00
3.111111111111111160e+00
3.118644067796610297e+00
3.126050420168067223e+00
3.133333333333333304e+00
3.140495867768595240e+00
3.147540983606557319e+00
3.121951219512195230e+00
3.096774193548387011e+00
3.104000000000000092e+00
3.111111111111111160e+00
3.118110236220472231e+00
3.125000000000000000e+00
3.131782945736433899e+00
3.138461538461538414e+00
3.145038167938931206e+00
3.151515151515151381e+00
3.157894736842105310e+00
3.164179104477611748e+00
3.170370370370370505e+00
3.176470588235293935e+00
3.182481751824817628e+00
3.188405797101449224e+00
3.194244604316546887e+00
3.171428571428571264e+00
3.148936170212766061e+00
3.154929577464788526e+00
3.160839160839160833e+00
3.166666666666666519e+00
3.172413793103448398e+00
3.178082191780821741e+00
3.183673469387755084e+00
3.162162162162162282e+00
3.167785234899328728e+00
3.173333333333333339e+00
3.178807947019867353e+00
3.184210526315789380e+00
3.189542483660130934e+00
3.168831168831168998e+00
3.174193548387096886e+00
3.153846153846153744e+00
3.159235668789809104e+00
3.139240506329113778e+00
3.119496855345912145e+00
3.125000000000000000e+00
3.130434782608695787e+00
3.135802469135802628e+00
3.141104294478527681e+00
3.121951219512195230e+00
3.127272727272727426e+00
3.132530120481927582e+00
3.137724550898203457e+00
3.142857142857142794e+00
3.147928994082840326e+00
3.152941176470588136e+00
3.157894736842105310e+00
3.162790697674418450e+00
3.144508670520231419e+00
3.149425287356321768e+00
3.154285714285714359e+00
3.159090909090909172e+00
3.163841807909604675e+00
3.168539325842696819e+00
3.173184357541899647e+00
3.177777777777777590e+00
3.182320441988950144e+00
3.186813186813186594e+00
3.191256830601092886e+00
3.195652173913043459e+00
3.200000000000000178e+00
3.204301075268817023e+00
3.187165775401069379e+00
3.191489361702127603e+00
3.195767195767195812e+00
3.200000000000000178e+00
3.204188481675392719e+00
3.208333333333333481e+00
3.191709844559585285e+00
3.195876288659794007e+00
3.200000000000000178e+00
3.183673469387755084e+00
3.187817258883248517e+00
3.191919191919192045e+00
3.195979899497487509e+00
3.200000000000000178e+00
3.184079601990049913e+00
3.188118811881188286e+00
3.172413793103448398e+00
3.176470588235293935e+00
3.180487804878048941e+00
3.184466019417475646e+00
3.188405797101449224e+00
3.192307692307692513e+00
3.196172248803827554e+00
3.200000000000000178e+00
3.203791469194313013e+00
3.207547169811320931e+00
3.211267605633802980e+00
3.214953271028037296e+00
3.200000000000000178e+00
3.203703703703703720e+00
3.207373271889400801e+00
3.211009174311926451e+00
3.214611872146118543e+00
3.218181818181818254e+00
3.221719457013574761e+00
3.225225225225225145e+00
3.228699551569506720e+00
3.232142857142857206e+00
3.235555555555555518e+00
3.221238938053097467e+00
3.224669603524229267e+00
3.228070175438596312e+00
3.213973799126637498e+00
3.217391304347826164e+00
3.203463203463203346e+00
3.206896551724137900e+00
3.210300429184549387e+00
3.213675213675213804e+00
3.217021276595744883e+00
3.203389830508474478e+00
3.189873417721519111e+00
3.193277310924369949e+00
3.196652719665272091e+00
3.183333333333333126e+00
3.186721991701244594e+00
3.190082644628099207e+00
3.193415637860082423e+00
3.180327868852458995e+00
3.183673469387755084e+00
3.170731707317073322e+00
3.157894736842105310e+00
3.161290322580645018e+00
3.164658634538152437e+00
3.152000000000000135e+00
3.139442231075697087e+00
3.142857142857142794e+00
3.130434782608695787e+00
3.133858267716535639e+00
3.137254901960784270e+00
3.140625000000000000e+00
3.143968871595330672e+00
3.131782945736433899e+00
3.135135135135135087e+00
3.138461538461538414e+00
3.141762452107279557e+00
3.129770992366412319e+00
3.133079847908745386e+00
3.136363636363636243e+00
3.139622641509434153e+00
3.142857142857142794e+00
3.131086142322097476e+00
3.119402985074626766e+00
3.122676579925650397e+00
3.125925925925925775e+00
3.129151291512914934e+00
3.132352941176470562e+00
3.135531135531135494e+00
3.124087591240876094e+00
3.127272727272727426e+00
3.115942028985507317e+00
3.119133574007220133e+00
3.122302158273381423e+00
3.125448028673835310e+00
3.128571428571428559e+00
3.131672597864768814e+00
3.134751773049645251e+00
3.123674911660777376e+00
3.126760563380281521e+00
3.129824561403508731e+00
3.118881118881118741e+00
3.121951219512195230e+00
3.125000000000000000e+00
3.114186851211072860e+00
3.117241379310344840e+00
3.106529209621993193e+00
3.109589041095890405e+00
3.112627986348122988e+00
3.115646258503401267e+00
3.118644067796610297e+00
3.121621621621621490e+00
3.111111111111111160e+00
3.114093959731543571e+00
3.117056856187291114e+00
3.120000000000000107e+00
3.122923588039867138e+00
3.125827814569536400e+00
3.115511551155115466e+00
3.118421052631578760e+00
3.108196721311475397e+00
3.111111111111111160e+00
3.114006514657980507e+00
3.116883116883117033e+00
3.106796116504854322e+00
3.109677419354838879e+00
3.112540192926045002e+00
3.115384615384615419e+00
3.118210862619808399e+00
3.108280254777070262e+00
3.098412698412698507e+00
3.101265822784810222e+00
3.104100946372239545e+00
3.106918238993710890e+00
3.109717868338557789e+00
3.112499999999999822e+00
3.115264797507788064e+00
3.118012422360248337e+00
3.120743034055727616e+00
3.123456790123456894e+00
3.126153846153846061e+00
3.128834355828221003e+00
3.131498470948012258e+00
3.134146341463414753e+00
3.136778115501519970e+00
3.139393939393939181e+00
3.141993957703927531e+00
3.132530120481927582e+00
3.135135135135135087e+00
3.137724550898203457e+00
3.140298507462686572e+00
3.142857142857142794e+00
3.145400593471809891e+00
3.147928994082840326e+00
3.150442477876106206e+00
3.152941176470588136e+00
3.143695014662756471e+00
3.146198830409356884e+00
3.137026239067055577e+00
3.127906976744185830e+00
3.130434782608695787e+00
3.121387283236994215e+00
3.123919308357348879e+00
3.126436781609195581e+00
3.117478510028653282e+00
3.120000000000000107e+00
3.122507122507122368e+00
3.125000000000000000e+00
3.127478753541076628e+00
3.129943502824858559e+00
3.132394366197182922e+00
3.134831460674157189e+00
3.137254901960784270e+00
3.139664804469273651e+00
3.142061281337047429e+00
3.144444444444444375e+00
3.146814404432133117e+00
3.149171270718232218e+00
3.151515151515151381e+00
3.142857142857142794e+00
3.145205479452054753e+00
3.147540983606557319e+00
3.149863760217983533e+00
3.152173913043478048e+00
3.143631436314362926e+00
3.135135135135135087e+00
3.137466307277628097e+00
3.139784946236559016e+00
3.142091152815013277e+00
3.144385026737968047e+00
3.146666666666666501e+00
3.148936170212766061e+00
3.151193633952254824e+00
3.153439153439153486e+00
3.145118733509234765e+00
3.147368421052631593e+00
3.149606299212598604e+00
3.151832460732984398e+00
3.143603133159269092e+00
3.145833333333333481e+00
3.148051948051948212e+00
3.150259067357513043e+00
3.152454780361757081e+00
3.154639175257731853e+00
3.156812339331619643e+00
3.148717948717948634e+00
3.150895140664961680e+00
3.142857142857142794e+00
3.134860050890585281e+00
3.137055837563451632e+00
3.139240506329113778e+00
3.141414141414141437e+00
3.143576826196473384e+00
3.135678391959798805e+00
3.137844611528822103e+00
3.140000000000000124e+00
3.142144638403990164e+00
3.144278606965174028e+00
3.146401985111662469e+00
3.148514851485148647e+00
3.150617283950617242e+00
3.152709359605911477e+00
3.154791154791154906e+00
3.156862745098039102e+00
3.158924205378973227e+00
3.151219512195122086e+00
3.153284671532846861e+00
3.155339805825242649e+00
3.147699757869249382e+00
3.140096618357488101e+00
3.132530120481927582e+00
3.134615384615384581e+00
3.136690647482014427e+00
3.138755980861243966e+00
3.140811455847255296e+00
3.142857142857142794e+00
3.144893111638954686e+00
3.146919431279620927e+00
3.139479905437352336e+00
3.141509433962264008e+00
3.134117647058823675e+00
3.136150234741784004e+00
3.138173302107728269e+00
3.140186915887850372e+00
3.142191142191142372e+00
3.144186046511627808e+00
3.146171693735498653e+00
3.148148148148148362e+00
3.150115473441108538e+00
3.142857142857142794e+00
3.144827586206896619e+00
3.146788990825688082e+00
3.148741418764302136e+00
3.150684931506849473e+00
3.152619589977220915e+00
3.154545454545454763e+00
3.147392290249432900e+00
3.149321266968325705e+00
3.151241534988713511e+00
3.144144144144144004e+00
3.137078651685393460e+00
3.139013452914798386e+00
3.140939597315436149e+00
3.133928571428571619e+00
3.135857461024498694e+00
3.128888888888889053e+00
3.130820399113082075e+00
3.132743362831858391e+00
3.134657836644591633e+00
3.136563876651982330e+00
3.138461538461538414e+00
3.140350877192982448e+00
3.142231947483588694e+00
3.144104803493449563e+00
3.145969498910675455e+00
3.147826086956521774e+00
3.149674620390455537e+00
3.142857142857142794e+00
3.144708423326133762e+00
3.146551724137931050e+00
3.139784946236559016e+00
3.133047210300428986e+00
3.134903640256959445e+00
3.136752136752136710e+00
3.138592750533049092e+00
3.140425531914893487e+00
3.142250530785562823e+00
3.144067796610169552e+00
3.145877378435518068e+00
3.147679324894514963e+00
3.149473684210526425e+00
3.151260504201680579e+00
3.144654088050314655e+00
3.146443514644351680e+00
3.148225469728601400e+00
3.149999999999999911e+00
3.143451143451143626e+00
3.145228215767634783e+00
3.146997929606625277e+00
3.148760330578512345e+00
3.150515463917525683e+00
3.152263374485596792e+00
3.154004106776180816e+00
3.155737704918032627e+00
3.157464212678936732e+00
3.159183673469387887e+00
3.160896130346232180e+00
3.154471544715446996e+00
3.156186612576064920e+00
3.149797570850202622e+00
3.143434343434343248e+00
3.145161290322580516e+00
3.146881287726358334e+00
3.148594377510040232e+00
3.142284569138276584e+00
3.144000000000000128e+00
3.145708582834331413e+00
3.147410358565736921e+00
3.149105367793240351e+00
3.150793650793650702e+00
3.152475247524752611e+00
3.154150197628458496e+00
3.155818540433925179e+00
3.149606299212598604e+00
3.151277013752455947e+00
3.152941176470588136e+00
3.154598825831702591e+00
3.156250000000000000e+00
3.157894736842105310e+00
3.159533073929960967e+00
3.161165048543689515e+00
3.162790697674418450e+00
3.164410058027079309e+00
3.166023166023165913e+00
3.159922928709055778e+00
3.161538461538461409e+00
3.163147792706333838e+00
3.164750957854406188e+00
3.158699808795411013e+00
3.152671755725190650e+00
3.146666666666666501e+00
3.140684410646387814e+00
3.134724857685009525e+00
3.136363636363636243e+00
3.137996219281663723e+00
3.139622641509434153e+00
3.141242937853107264e+00
3.142857142857142794e+00
3.136960600375234609e+00
3.138576779026217345e+00
3.140186915887850372e+00
3.141791044776119257e+00
3.143389199255120836e+00
3.144981412639405338e+00
3.146567717996289204e+00
3.140740740740740833e+00
3.142329020332716993e+00
3.143911439114391193e+00
3.145488029465929980e+00
3.147058823529411686e+00
3.141284403669724945e+00
3.142857142857142794e+00
3.137111517367459079e+00
3.131386861313868675e+00
3.132969034608378944e+00
3.134545454545454746e+00
3.128856624319419133e+00
3.130434782608695787e+00
3.132007233273056190e+00
3.133574007220216728e+00
3.135135135135135087e+00
3.136690647482014427e+00
3.138240574506283576e+00
3.139784946236559016e+00
3.134168157423971479e+00
3.135714285714285676e+00
3.137254901960784270e+00
3.138790035587188498e+00
3.140319715808170375e+00
3.141843971631205878e+00
3.143362831858407258e+00
3.144876325088339364e+00
3.139329805996472711e+00
3.140845070422535024e+00
3.142355008787346193e+00
3.143859649122807021e+00
3.138353765323993017e+00
3.139860139860140009e+00
3.141361256544502822e+00
3.142857142857142794e+00
3.144347826086956399e+00
3.145833333333333481e+00
3.147313691507799049e+00
3.148788927335639976e+00
3.143350604490501077e+00
3.137931034482758452e+00
3.132530120481927582e+00
3.127147766323024047e+00
3.128644939965694594e+00
3.130136986301369717e+00
3.131623931623931600e+00
3.133105802047781552e+00
3.127768313458262561e+00
3.129251700680272030e+00
3.130730050933785868e+00
3.132203389830508389e+00
3.133671742808798566e+00
3.135135135135135087e+00
3.136593591905564971e+00
3.138047138047137974e+00
3.139495798319327680e+00
3.134228187919462894e+00
3.135678391959798805e+00
3.137123745819398124e+00
3.138564273789649306e+00
3.140000000000000124e+00
3.141430948419301039e+00
3.142857142857142794e+00
3.144278606965174028e+00
3.139072847682119249e+00
3.140495867768595240e+00
3.141914191419141744e+00
3.143327841845140025e+00
3.144736842105263275e+00
3.139573070607553529e+00
3.140983606557377072e+00
3.142389525368248560e+00
3.143790849673202548e+00
3.138662316476345637e+00
3.133550488599348594e+00
3.134959349593495759e+00
3.129870129870129691e+00
3.131280388978930240e+00
3.132686084142394911e+00
3.127625201938610822e+00
3.129032258064516014e+00
3.130434782608695787e+00
3.131832797427652526e+00
3.133226324237559979e+00
3.134615384615384581e+00
3.136000000000000121e+00
3.137380191693290854e+00
3.138755980861243966e+00
3.140127388535031816e+00
3.141494435612082636e+00
3.142857142857142794e+00
3.144215530903327949e+00
3.145569620253164445e+00
3.146919431279620927e+00
3.148264984227129304e+00
3.149606299212598604e+00
3.150943396226415061e+00
3.145996860282574747e+00
3.147335423197492155e+00
3.148669796557120648e+00
3.149999999999999911e+00
3.151326053042121877e+00
3.152647975077881526e+00
3.147744945567651609e+00
3.149068322981366297e+00
3.150387596899224985e+00
3.151702786377708954e+00
3.146831530139103439e+00
3.148148148148148362e+00
3.149460708782742646e+00
3.150769230769230766e+00
3.152073732718894128e+00
3.153374233128834359e+00
3.154670750382848610e+00
3.155963302752293753e+00
3.157251908396946583e+00
3.158536585365853799e+00
3.159817351598173563e+00
3.161094224924012153e+00
3.162367223065250421e+00
3.157575757575757702e+00
3.158850226928895832e+00
3.160120845921450261e+00
3.155354449472096423e+00
3.156626506024096557e+00
3.157894736842105310e+00
3.159159159159159014e+00
3.154422788605697026e+00
3.155688622754491135e+00
3.156950672645739697e+00
3.152238805970149382e+00
3.153502235469448411e+00
3.154761904761904656e+00
3.156017830609212371e+00
3.151335311572700082e+00
3.146666666666666501e+00
3.147928994082840326e+00
3.149187592319054652e+00
3.150442477876106206e+00
3.151693667157584589e+00
3.147058823529411686e+00
3.148311306901615314e+00
3.149560117302052653e+00
3.150805270863835883e+00
3.152046783625730875e+00
3.153284671532846861e+00
3.154518950437317670e+00
3.155749636098981181e+00
3.156976744186046346e+00
3.152394775036284624e+00
3.153623188405797251e+00
3.154848046309695953e+00
3.156069364161849577e+00
3.157287157287157253e+00
3.158501440922190096e+00
3.153956834532374298e+00
3.149425287356321768e+00
3.144906743185079012e+00
3.146131805157593053e+00
3.141630901287553623e+00
3.137142857142857011e+00
3.138373751783166909e+00
3.139601139601139401e+00
3.140825035561877865e+00
3.136363636363636243e+00
3.131914893617021356e+00
3.133144475920679906e+00
3.134370579915134236e+00
3.135593220338983134e+00
3.136812411847672788e+00
3.138028169014084323e+00
3.139240506329113778e+00
3.134831460674157189e+00
3.136044880785413547e+00
3.137254901960784270e+00
3.138461538461538414e+00
3.139664804469273651e+00
3.140864714086471388e+00
3.142061281337047429e+00
3.143254520166898658e+00
3.144444444444444375e+00
3.145631067961164984e+00
3.146814404432133117e+00
3.147994467496542104e+00
3.149171270718232218e+00
3.150344827586206709e+00
3.151515151515151381e+00
3.147180192572214708e+00
3.142857142857142794e+00
3.144032921810699488e+00
3.145205479452054753e+00
3.140902872777017851e+00
3.142076502732240595e+00
3.143246930422919583e+00
3.144414168937329723e+00
3.145578231292517124e+00
3.141304347826086918e+00
3.137042062415196675e+00
3.138211382113821113e+00
3.139377537212449276e+00
3.135135135135135087e+00
3.136302294197030882e+00
3.137466307277628097e+00
3.138627187079408021e+00
3.139784946236559016e+00
3.140939597315436149e+00
3.142091152815013277e+00
3.143239625167336015e+00
3.144385026737968047e+00
3.140186915887850372e+00
3.136000000000000121e+00
3.137150466045273145e+00
3.138297872340425343e+00
3.139442231075697087e+00
3.135278514588859533e+00
3.136423841059602591e+00
3.137566137566137670e+00
3.133421400264200685e+00
3.134564643799472083e+00
3.135704874835309575e+00
3.136842105263157876e+00
3.137976346911957926e+00
3.139107611548556331e+00
3.134993446920052218e+00
3.130890052356020803e+00
3.132026143790849648e+00
3.127937336814621272e+00
3.129074315514993376e+00
3.130208333333333481e+00
3.131339401820546264e+00
3.132467532467532401e+00
3.133592736705577142e+00
3.134715025906735786e+00
3.135834411384217368e+00
3.136950904392764805e+00
3.132903225806451530e+00
3.134020618556700999e+00
3.129987129987129801e+00
3.131105398457583622e+00
3.127086007702182258e+00
3.123076923076923084e+00
3.124199743918053773e+00
3.125319693094628981e+00
3.126436781609195581e+00
3.127551020408163129e+00
3.128662420382165799e+00
3.129770992366412319e+00
3.130876747141042138e+00
3.131979695431472255e+00
3.128010139416983471e+00
3.129113924050632711e+00
3.130214917825537402e+00
3.131313131313131493e+00
3.132408575031525810e+00
3.128463476070528770e+00
3.129559748427673149e+00
3.125628140703517577e+00
3.126725219573400327e+00
3.127819548872180277e+00
3.128911138923654356e+00
3.129999999999999893e+00
3.126092384519350897e+00
3.122194513715710773e+00
3.123287671232876761e+00
3.124378109452736307e+00
3.125465838509316807e+00
3.126550868486352552e+00
3.122676579925650397e+00
3.123762376237623872e+00
3.124845488257107728e+00
3.125925925925925775e+00
3.122071516646115708e+00
3.123152709359605872e+00
3.124231242312422996e+00
3.125307125307125400e+00
3.121472392638036997e+00
3.122549019607843146e+00
3.123623011015911999e+00
3.124694376528117434e+00
3.125763125763125760e+00
3.126829268292683039e+00
3.127892813641900194e+00
3.128953771289537666e+00
3.125151883353584292e+00
3.126213592233009653e+00
3.127272727272727426e+00
3.128329297820823029e+00
3.129383313180169157e+00
3.130434782608695787e+00
3.131483715319662409e+00
3.127710843373494143e+00
3.128760529482551345e+00
3.129807692307692513e+00
3.130852340936374656e+00
3.131894484412470092e+00
3.132934131736527128e+00
3.129186602870813516e+00
3.130227001194743064e+00
3.131264916467780601e+00
3.132300357568533755e+00
3.133333333333333304e+00
3.134363852556480534e+00
3.135391923990498597e+00
3.136417556346382085e+00
3.132701421800947905e+00
3.133727810650887680e+00
3.134751773049645251e+00
3.135773317591499243e+00
3.136792452830188704e+00
3.137809187279152034e+00
3.134117647058823675e+00
3.135135135135135087e+00
3.136150234741784004e+00
3.137162954279015370e+00
3.138173302107728269e+00
3.139181286549707739e+00
3.135514018691588856e+00
3.136522753792298612e+00
3.137529137529137646e+00
3.138533178114085942e+00
3.139534883720930036e+00
3.140534262485481953e+00
3.141531322505800361e+00
3.142526071842410396e+00
3.143518518518518601e+00
3.139884393063583801e+00
3.140877598152425065e+00
3.141868512110726819e+00
3.138248847926267349e+00
3.139240506329113778e+00
3.135632183908045878e+00
3.136624569460390255e+00
3.137614678899082410e+00
3.138602520045818967e+00
3.139588100686498962e+00
3.136000000000000121e+00
3.136986301369863117e+00
3.137970353477764984e+00
3.138952164009111812e+00
3.135381114903299071e+00
3.136363636363636243e+00
3.137343927355277895e+00
3.133786848072562137e+00
3.134767836919592376e+00
3.135746606334841591e+00
3.136723163841808049e+00
3.137697516930022523e+00
3.138669673055242360e+00
3.139639639639639768e+00
3.136107986501687428e+00
3.132584269662921361e+00
3.133557800224466838e+00
3.130044843049327508e+00
3.131019036954087564e+00
3.131991051454138919e+00
3.132960893854748630e+00
3.133928571428571619e+00
3.134894091415830530e+00
3.131403118040088973e+00
3.127919911012235765e+00
3.128888888888889053e+00
3.129855715871254329e+00
3.130820399113082075e+00
3.127353266888150518e+00
3.128318584070796327e+00
3.129281767955800930e+00
3.130242825607064017e+00
3.126791620727673582e+00
3.127753303964757592e+00
3.124312431243124522e+00
3.125274725274725274e+00
3.126234906695938509e+00
3.122807017543859587e+00
3.123767798466593693e+00
3.124726477024069915e+00
3.125683060109289535e+00
3.122270742358078444e+00
3.123227917121047081e+00
3.119825708061002345e+00
3.120783460282916089e+00
3.121739130434782794e+00
3.122692725298588545e+00
3.123644251626898072e+00
3.124593716143011957e+00
3.125541125541125620e+00
3.126486486486486527e+00
3.123110151187904915e+00
3.119741100323624394e+00
3.120689655172413701e+00
3.121636167922497318e+00
3.122580645161290303e+00
3.119226638023630649e+00
3.115879828326180156e+00
3.116827438370846526e+00
3.113490364025695900e+00
3.114438502673796627e+00
3.115384615384615419e+00
3.116328708644610312e+00
3.117270788912580137e+00
3.118210862619808399e+00
3.114893617021276651e+00
3.115834218916046616e+00
3.116772823779193402e+00
3.113467656415694673e+00
3.110169491525423879e+00
3.111111111111111160e+00
3.112050739957716861e+00
3.112988384371699890e+00
3.113924050632911555e+00
3.114857744994731448e+00
3.115789473684210442e+00
3.116719242902208364e+00
3.117647058823529438e+00
3.118572927597061728e+00
3.119496855345912145e+00
3.120418848167539227e+00
3.121338912133891252e+00
3.122257053291535911e+00
3.123173277661795311e+00
3.124087591240876094e+00
3.125000000000000000e+00
3.125910509885535760e+00
3.126819126819126993e+00
3.127725856697819218e+00
3.128630705394190858e+00
3.129533678756476700e+00
3.130434782608695787e+00
3.127197518097208029e+00
3.128099173553719137e+00
3.128998968008255943e+00
3.129896907216494828e+00
3.130792996910401804e+00
3.127572016460905324e+00
3.128468653648509790e+00
3.129363449691991761e+00
3.130256410256410327e+00
3.131147540983606703e+00
3.127942681678607784e+00
3.124744376278118629e+00
3.125638406537282865e+00
3.126530612244898144e+00
3.127420998980631861e+00
3.128309572301425590e+00
3.129196337741607437e+00
3.126016260162601590e+00
3.126903553299492433e+00
3.127789046653143945e+00
3.128672745694022428e+00
3.129554655870445234e+00
3.130434782608695787e+00
3.131313131313131493e+00
3.132189707366296538e+00
3.129032258064516014e+00
3.129909365558912526e+00
3.130784708249497061e+00
3.131658291457286580e+00
3.132530120481927582e+00
3.133400200601805352e+00
3.134268537074148320e+00
3.135135135135135087e+00
3.136000000000000121e+00
